148810.6 -5.95059458826544e-05 -0.000107977645175406   3.0286741285271e-05 -1.05755063787573e-05 3.75590875858938e-05 -1.57178691093604e-05 0.999999999115211
150367.8  -0.00492977823411052   -0.0316284765323912 -0.000462729074914281 -0.0142662510473897 -0.0133655497305287 0.0687690122301341 0.997441055460595
151850.8   -0.169656183566205   -0.150936783792801 -0.00163334465286395 -0.022497781025587 -0.00410089619382971 0.144916539308805 0.989179573754984
153358.6  -0.371685569030158  -0.279029322869421 0.00356415738952477 -0.0418536069424738 0.0433071796339097 0.176836161958893 0.982395915912576
153951.8    -0.46059237159535   -0.353161396875099 0.000683142842978095 -0.0281930967296825 0.0268115196704474 0.26044178380523 0.964705327526547
154891  -0.643494908555737  -0.444846172130073 0.00442997113297699 -0.0391425992899288 0.00472358436376342 0.303932184935532 0.951877498227529
155583.1  -0.761036955405456  -0.548828718624362 0.00810961939268096 -0.0348789421225843 0.0111094783864938 0.245844510645317 0.968617837680039
156670.7   -0.94150019942139  -0.701197551265466 0.00497028039337022 -0.011847359710007 -0.0107665093865805 0.263412368484866 0.964550489333101
157634.6  -1.11505406049952 -0.749486998132811 0.0111355776152813 -0.0258276903563567 -0.0156375155972689 0.215047079947579 0.976136851021834
158573.9  -1.27038769560416 -0.904078762030705 0.0175624821390506 -0.03282063244347 -0.00185046332822438 0.232471030299488 0.97204763357717
159093   -1.35230020293045  -0.985044918779604 0.00797202535431132 -0.0167164849492434 0.0073530244188814 0.308750573139945 0.950967704892544
160155.8   -1.56718945831419   -1.04577414737499 0.00805343230788971 -0.00885205803425512 0.00386603507637525 0.331120891971383 0.943538896782439
160798.5  -1.70046444882034  -1.15960237528455 0.0155194155405132 -0.0162131071358195 -0.00459245458493196 0.295254268534292 0.955270098678991
161490.5  -1.84876502284883  -1.25567073941222 0.0107419022986709 -0.0267806983531677 -0.0185692807315326 0.332374117689439 0.942584437543395
162330.9  -2.04099380413237  -1.32941330085147 0.0121181121115373 -0.0226901228590326 -0.0183012668198901 0.333586797801086 0.942268576516402
162973.6   -2.1501894289475  -1.46377508858073 0.0227336752900839 -0.0226470772816384 0.000759700396563979 0.309257699468056 0.950708266539022
163467.9  -2.23368808847519  -1.56779581670178 0.0187717564566499 -0.034041084437916 -0.00370412472467268 0.365211949212034 0.930294424460913
164036.4  -2.39069870922619  -1.63512102415955 0.0188364632336647 -0.0494057829964287 -0.0192488319044376 0.400990538311187 0.914546411759255
164728.5  -2.51646591858752  -1.73030291338724 0.0213676569590753 -0.0298955401573858 0.00328697414130673 0.43354001567777 0.900632281947417
165247.6  -2.63240495088243  -1.85458862835123 0.0275859510368081 -0.0295913791830855 -0.00187051602601919 0.402244404582983 0.915052069791398
165890.2  -2.76268470432864  -1.95881380033747 0.0134821048368295 -0.0279498315541249 -0.0154600788882249 0.425944553939917 0.904185285130095
166458.7  -2.90902048368626  -2.01061118301783 0.0284341573266283 -0.0192631755526491 -0.00210522431986954 0.421251352613497 0.906736894594838
167571  -3.15756362698579  -2.19256586610545 0.0284273503617099 -0.0299152335775835 -0.0111716932326056 0.38190365102781 0.923650298220027
168139.5  -3.27646277933459  -2.25743079500665 0.0232262589155104 -0.0357187461906076 -0.0224930375833245 0.43043931390408 0.901631982283587
168881  -3.40913142937314  -2.32446901322312 0.0334857538929212 -0.0308016720262569 -0.0072929113219901 0.461400110937646 0.886627321974439
169350.6  -3.49146865739261  -2.39202033975213 0.0351677634169525 -0.0120392814848682 0.0097908074833384 0.407013745749395 0.91329020938648
170364.1  -3.70991905822109   -2.4337137546836 0.0210024425047308 -0.044878306583416 -0.0216657289288236 0.324903226571781 0.944433389472986
171105.6  -3.84245488802031  -2.47915083757801 0.0228318420546561 -0.0268549112357585 -0.021952403172174 0.347614800099313 0.936995654466658
171723.5  -3.95504819849202  -2.56348912625191 0.0312298242041306 -0.0312020460527178 -0.0207974310501667 0.312052869245348 0.949324447162077
172514.5  -4.05533856733416  -2.66107510705285 0.0221914832481073 -0.0205319678628257 -0.0272970535351523 0.357645285164065 0.933232639358426
173206.5  -4.20442479120388  -2.66507479142138 0.0283734964157833 -0.0222093539091767 -0.0166680976630147 0.323226704072566 0.945914064222337
173552.6  -4.24153724076841   -2.6708849126666 0.0309168732569574 -0.0108484462810352 -0.0190760767787972 0.23219659558415 0.972421284992851
173997.5 -4.26478759849936  -2.6747846868014 0.033260829950343 -0.0161996387217521 -0.0224857718825323 0.107591531771733 0.993808846840852
174491.8  -4.25936845909612  -2.66370191265474 0.0350460056356481 -0.0249461066730702 -0.0178541471162498 -0.00790335240647626 0.999498103156452
175060.3   -4.2170997526841  -2.63925282932008 0.0329995983217036 -0.022326350785336 -0.0230186909006687 -0.113292192084672 0.993044084188854
175851.3  -4.15932901558453  -2.59874008740867 0.0304074325074834 -0.0177405369899423 -0.038950286798791 -0.210928054402757 0.976564132236828
176493.9  -4.09177553466522  -2.54642187721304 0.0282637089822672 -0.0272086297689137 -0.0365262207683339 -0.300148572925947 0.952804470934619
177136.6   -4.0014296521433  -2.48595926220703 0.0148412510949038 -0.056444616424614 -0.0341170461738619 -0.379425017035791 0.922868727872193
177606.2  -3.93934040583607  -2.42946679263059 0.0069688207664613 -0.0620664086233467 -0.0307679811676198 -0.465890306579743 0.882126586432186
178051.1    -3.86796916876298    -2.35957274791431 -0.00190253797795542 -0.0679960828115234 -0.0290516703267085 -0.555149686021151 0.828457216326911
178644.4   -3.79290267368105   -2.28094104342699 0.00738342256385306 -0.0633226364092282 -0.0189965417733631 -0.630372052567646 0.773472979786941
179114   -3.72163974397611   -2.20714271395853 0.00356932153944403 -0.0540163761397967 -0.00420938318048261 -0.699311829004019 0.712760463281331
179731.9    -3.56307868069856     -2.1477994833301 -0.00791001980396228 -0.0712445222147258 -0.00143261618537951 -0.752690104195488 0.654507274758231
180251     -3.42203041548857     -2.12268111528034 -0.000381518468389144 -0.0428764107756303 -0.0165931122471143 -0.787667283630604 0.614383050159215
180844.2   -3.26935110288097   -2.04024239993398 -0.0124224465234009 -0.0507610110210824 -0.0214135857329255 -0.82034608250721 0.569207416519892
181437.4    -3.10793105695511    -1.94306109516003 -0.00830208451371367 -0.0454586133140121 -0.0194464064953689 -0.844661216521783 0.533012927661164
181981.2   -2.93130562629795   -1.91501362011271 -0.0088552307112677 -0.038046781729945 -0.016536376364012 -0.854861352024833 0.51719537843161
182871   -2.72642393219293   -1.84191885552148 -0.0139801964653593 -0.0390290775562126 -0.0296807179738051 -0.857276201360354 0.512516634526952
183637.2   -2.54883665133198   -1.70375820745257 -0.0089251284374508 -0.0279476354927659 -0.0115879774028856 -0.858199480439865 0.512423945793734
184354   -2.36581056779966   -1.63289490223686 0.00212363725692315 -0.00725903608211888 -0.00158432160968706 -0.838203209961145 0.5453074134202
185243.9   -2.16944379884795   -1.49623510359774 -0.0069587210278509 -0.020579068511367 -0.00964284000136784 -0.83202580589483 0.554271211502971
185985.4   -1.99849919687523   -1.35704277616274 -0.0171181827751634 -0.035288549023711 0.00364651902539321 -0.828141771484734 0.559394876209038
186776.3    -1.80124852713292    -1.28142790779837 -0.00537486093298327 -0.0113893760216226 -0.0069190682294647 -0.811196812607833 0.584621364494633
187320.1    -1.6629351304114   -1.22969145837019 -0.0193344167156767 -0.0325986073725276 -0.00886296760524679 -0.84673159477647 0.530946687540185
187690.9   -1.57372051307356   -1.16875328911314 -0.0184655799249168 -0.0268220461005949 -0.0130319277373966 -0.88711247198648 0.4605889802725
189198.6  -1.27036358222698  -1.12422170986006 -0.018715272816662 -0.0251193067256918 -0.0169082757857542 -0.925368161361396 0.377858302248612
189668.3   -1.16096660106226   -1.18261142315595 -0.0138751392127075 -0.0122872906955785 -0.00930879872212501 -0.955734180729705 0.293827406037341
190385.1   -1.03050446097297   -1.24774389806386 -0.0026051440214428 0.011078427564786 -0.00716230950839936 -0.972287467410677 0.233416045895154
191176  -0.895681494102031   -1.39019541653647 0.00323413421333345 0.0130978427421804 -0.023856867626859 -0.975990684765991 0.216105251284064
193202.8  -0.560745801090273   -1.54299205570601 0.00791021924849293 -0.0069446886600236 -0.0123600738595874 -0.988029624292666 0.153611397343082
193845.5  -0.446080737142227   -1.44388563594827 0.00697105262272228 0.0138536365053456 -0.0172455580400312 -0.996594168809479 0.0794401043454063
194685.9   -0.541140831076057    -1.30226191633676 -0.00205927789691167 -0.00414147218123989 -0.0335075796934657 -0.990608068025302 0.132498097625726
195551   -0.605523856323584    -1.17039755174422 -0.00270657464691842 9.36111530220555e-05 -0.0261985309040969 -0.980778412923232 0.193358043430333
196193.6    -0.62968805415935    -1.00667777602468 -0.00764207325912484 -0.00033884092604707 -0.0227297184255091 -0.969858418236915 0.242606458409734
196589.1   -0.65695571301325  -0.891645271983614 -0.0148269560562844 0.00639196581274381 -0.0328494755303429 -0.943973436601671 0.328320279180043
196910.4 -0.661418880147449 -0.821349341053312 -0.017560472169214 -0.00233668474620204 -0.0409506399185041 -0.902779072576493 0.428144287726217
197207  -0.635769385257942  -0.788602485404329 -0.0233894374954387 -0.0243313535054454 -0.0328354326115338 -0.851605001043623 0.522588501403635
198121.6 -0.491993219018189 -0.642278420765056 -0.021903492810534 -0.00513786161624315 -0.0259622893262897 -0.85328919193672 0.520765894462117
198838.4   -0.38389710800921  -0.534395627150283 -0.0364347865995341 -0.0215652550174953 -0.0058740180949719 -0.828773667735467 0.559137410084277
200296.7 -0.0831359404589914  -0.391619398426124 -0.0151907738471915 0.0177308176320238 -0.0281229798216096 -0.823880698274268 0.565787337365514
